Material: BulbasaurTongue
BaseColor:BulbasaurTongueTexture.png
Normal: None
Roughness: None
Metallic: None
Alpha: 1.000000
Emissive: None
Vertices:
-0.267001 2.404340 2.005171 0.793600 0.552200
-0.280178 2.337771 2.220701 0.793600 0.461700
-0.275893 2.373616 2.231113 0.808800 0.461700
-0.262688 2.438330 2.017761 0.808800 0.552200
-0.237253 2.412126 2.242360 0.824100 0.461700
-0.225163 2.475109 2.030465 0.824100 0.552200
-0.286485 2.267974 2.453580 0.793600 0.371100
-0.282211 2.303696 2.464402 0.808800 0.371100
-0.243605 2.341837 2.476879 0.824100 0.371100
-0.235711 2.492628 1.844283 0.808800 0.642800
-0.240084 2.464450 1.824340 0.793600 0.642800
-0.189651 2.539897 1.716523 0.808800 0.733400
-0.192568 2.517106 1.687912 0.793600 0.733400
-0.201597 2.523477 1.863820 0.824100 0.642800
-0.173358 2.551085 1.764441 0.824100 0.733400
-0.217466 2.436620 1.827991 0.778300 0.642800
-0.241286 2.376315 1.999754 0.778300 0.552200
-0.170234 2.420223 1.833723 0.763000 0.642800
-0.188638 2.360784 1.997189 0.763000 0.552200
-0.174604 2.487649 1.701271 0.778300 0.733400
-0.148596 2.462869 1.738672 0.763000 0.733400
-0.253439 2.309600 2.212534 0.778300 0.461700
-0.259757 2.239679 2.445823 0.778300 0.371100
-0.199007 2.294111 2.208025 0.763000 0.461700
-0.205359 2.223821 2.442544 0.763000 0.371100
0.408543 2.625191 1.682455 0.882900 0.673500
0.310474 2.636210 1.626221 0.879600 0.709400
0.310771 2.660718 1.664345 0.864900 0.707400
0.409374 2.648931 1.717483 0.868500 0.671200
0.314022 2.662819 1.757375 0.850200 0.705400
0.415318 2.651763 1.803403 0.854100 0.669000
0.202971 2.635512 1.588049 0.878100 0.748000
0.200927 2.660087 1.627260 0.863200 0.746600
0.199837 2.661570 1.723380 0.848200 0.745200
0.492608 2.625707 1.787999 0.873300 0.637200
0.494481 2.603869 1.759362 0.887200 0.639400
0.562251 2.594677 1.882091 0.878700 0.604100
0.568560 2.573076 1.861422 0.892200 0.606300
0.497293 2.629349 1.860600 0.859400 0.634900
0.549143 2.604256 1.914420 0.865200 0.601900
0.493060 2.569986 1.771311 0.901200 0.641700
0.410295 2.586153 1.698692 0.897200 0.675700
0.498121 2.527235 1.830017 0.915100 0.644000
0.417005 2.536680 1.768957 0.911600 0.677900
0.562664 2.543809 1.866856 0.905700 0.608500
0.549840 2.518309 1.888680 0.919200 0.610700
0.312951 2.594788 1.644644 0.894300 0.711400
0.205580 2.593402 1.607400 0.893100 0.749400
0.318018 2.541947 1.721256 0.909100 0.713300
0.208368 2.539315 1.686969 0.908100 0.750800
-0.016453 2.379130 1.992621 0.668900 0.576900
0.093813 2.397702 2.000547 0.630500 0.576800
0.090079 2.328144 2.222605 0.629800 0.484200
-0.022152 2.309794 2.213634 0.668800 0.484200
0.084501 2.256906 2.460311 0.629500 0.391600
-0.028385 2.238438 2.451718 0.668700 0.391600
0.212293 2.413483 2.016228 0.591800 0.573900
0.211383 2.344949 2.234924 0.590100 0.482700
0.207195 2.274811 2.469000 0.589400 0.391600
-0.120212 2.296313 2.208582 0.707200 0.483400
-0.112148 2.364273 1.993157 0.707200 0.575300
-0.199007 2.294111 2.208025 0.745400 0.482100
-0.188638 2.360784 1.997189 0.745400 0.572700
-0.126620 2.225409 2.445152 0.707200 0.391600
-0.205359 2.223821 2.442544 0.745400 0.391600
-0.100770 2.426346 1.820021 0.707200 0.667100
-0.011392 2.444426 1.805764 0.669200 0.669600
-0.095392 2.480958 1.694926 0.707200 0.759000
-0.009816 2.504004 1.666297 0.669400 0.762300
-0.170234 2.420223 1.833723 0.745400 0.663300
-0.148596 2.462869 1.738672 0.745400 0.753900
0.095583 2.463901 1.809830 0.631400 0.669400
0.210947 2.478807 1.828411 0.594200 0.665100
0.095264 2.525061 1.666147 0.632500 0.762000
0.208368 2.539315 1.686969 0.596900 0.756300
0.446322 2.422166 2.066416 0.513500 0.558300
0.544873 2.425063 2.096281 0.474100 0.547300
0.562291 2.366456 2.283954 0.465800 0.469400
0.456707 2.359401 2.266739 0.507800 0.474900
0.566237 2.305408 2.487895 0.462500 0.391600
0.457768 2.294989 2.481835 0.505500 0.391600
0.620318 2.434755 2.122575 0.434600 0.535400
0.644198 2.379668 2.300520 0.423600 0.463500
0.650553 2.321476 2.494995 0.419100 0.391600
0.336665 2.353801 2.250015 0.549300 0.479500
0.332628 2.419972 2.038958 0.552800 0.567400
0.334853 2.286147 2.475856 0.547900 0.391600
0.325495 2.483182 1.857700 0.557600 0.655400
0.431051 2.481639 1.896010 0.521500 0.641600
0.318018 2.541947 1.721256 0.563100 0.743300
0.417005 2.536680 1.768957 0.530600 0.725000
0.519438 2.478792 1.941654 0.485700 0.625200
0.584610 2.483630 1.978318 0.450000 0.607400
0.498121 2.527235 1.830017 0.498900 0.703100
0.549840 2.518309 1.888680 0.467700 0.679300
-0.021658 2.596395 1.567894 0.881500 0.835400
-0.117592 2.561312 1.605593 0.885200 0.882300
-0.119195 2.583521 1.640325 0.870300 0.884800
-0.027077 2.620056 1.606261 0.866500 0.836300
-0.121282 2.585434 1.725538 0.855300 0.887300
-0.032860 2.621100 1.700769 0.851400 0.837300
-0.192568 2.517106 1.687912 0.889500 0.930100
-0.189651 2.539897 1.716523 0.874700 0.934300
-0.173358 2.551085 1.764441 0.859800 0.938400
0.083971 2.646055 1.604903 0.863900 0.789900
0.088728 2.621685 1.565326 0.878900 0.790300
0.079195 2.647071 1.702280 0.848800 0.789500
0.092736 2.579505 1.585194 0.894000 0.790700
-0.014571 2.556186 1.587457 0.896500 0.834400
0.095264 2.525061 1.666147 0.909100 0.791100
-0.009816 2.504004 1.666297 0.911600 0.833500
-0.105328 2.526536 1.623621 0.900200 0.879800
-0.174604 2.487649 1.701271 0.904300 0.925900
-0.095392 2.480958 1.694926 0.915100 0.877300
-0.148596 2.462869 1.738672 0.919200 0.921800
0.443944 2.584270 2.114936 0.125500 0.224800
0.543708 2.568717 2.139304 0.085800 0.235800
0.518385 2.608641 1.980544 0.097400 0.157900
0.428903 2.628079 1.939842 0.133500 0.141500
0.497293 2.629349 1.860600 0.110700 0.080000
0.415318 2.651763 1.803403 0.142600 0.058100
0.619417 2.545722 2.155809 0.046400 0.247700
0.583796 2.584003 2.008379 0.061900 0.175700
0.549143 2.604256 1.914420 0.079600 0.103800
0.320409 2.637018 1.903669 0.170600 0.127700
0.326997 2.590291 2.089853 0.165700 0.215700
0.200088 2.634404 1.874752 0.209200 0.118000
0.200271 2.585752 2.067534 0.206800 0.209200
0.314022 2.662819 1.757375 0.176100 0.039800
0.199837 2.661570 1.723380 0.212000 0.026800
0.330852 2.529613 2.302552 0.162300 0.303600
0.454253 2.526726 2.316823 0.119800 0.308200
0.329040 2.461960 2.528392 0.160900 0.391600
0.455314 2.462314 2.531918 0.117500 0.391600
0.198973 2.522775 2.287885 0.205100 0.300400
0.194786 2.452636 2.521961 0.204400 0.391600
0.561088 2.514710 2.328356 0.077500 0.313700
0.643270 2.494166 2.334812 0.035300 0.319600
0.565034 2.453663 2.532297 0.074200 0.391600
0.649624 2.435973 2.529287 0.030900 0.391600
-0.049577 2.544132 2.041178 0.292000 0.206200
0.071170 2.569624 2.051462 0.249000 0.206300
0.075130 2.619185 1.855817 0.250000 0.113700
-0.041039 2.593459 1.849628 0.292300 0.113500
0.079195 2.647071 1.702280 0.251100 0.021100
-0.032860 2.621100 1.700769 0.292600 0.020800
-0.134994 2.559322 1.858949 0.335600 0.116000
-0.151240 2.511502 2.036225 0.335600 0.207800
-0.201597 2.523477 1.863820 0.379500 0.119800
-0.225163 2.475109 2.030465 0.379500 0.210400
-0.121282 2.585434 1.725538 0.335600 0.024100
-0.173358 2.551085 1.764441 0.379500 0.029300
-0.160927 2.448292 2.253030 0.335600 0.299700
-0.056435 2.480119 2.263754 0.291900 0.298900
-0.167335 2.377388 2.489600 0.335600 0.391600
-0.062669 2.408763 2.501839 0.291800 0.391600
-0.237253 2.412126 2.242360 0.379500 0.301000
-0.243605 2.341837 2.476879 0.379500 0.391600
0.066705 2.505612 2.275162 0.248300 0.298900
0.061127 2.434375 2.512868 0.248100 0.391600
0.678983 2.486854 2.149802 0.868900 0.440400
0.631054 2.533645 1.993110 0.868900 0.512400
0.620082 2.559469 2.005955 0.855300 0.512400
0.664201 2.517376 2.157304 0.855300 0.440400
0.583796 2.584003 2.008379 0.841700 0.512400
0.619417 2.545722 2.155809 0.841700 0.440400
0.568560 2.573076 1.861422 0.868900 0.584300
0.562251 2.594677 1.882091 0.855300 0.584300
0.549143 2.604256 1.914420 0.841700 0.584300
0.692709 2.465691 2.333849 0.855300 0.368500
0.709370 2.433985 2.326875 0.868900 0.368500
0.700509 2.409211 2.522644 0.855300 0.296500
0.717651 2.378076 2.513776 0.868900 0.296500
0.643270 2.494166 2.334812 0.841700 0.368500
0.649624 2.435973 2.529287 0.841700 0.296500
0.693212 2.403744 2.315296 0.882500 0.368500
0.664688 2.457333 2.139321 0.882500 0.440400
0.644198 2.379668 2.300520 0.896100 0.368500
0.620318 2.434755 2.122575 0.896100 0.440400
0.701012 2.347264 2.504091 0.882500 0.296500
0.650553 2.321476 2.494995 0.896100 0.296500
0.620523 2.505139 1.989684 0.882500 0.512400
0.562664 2.543809 1.866856 0.882500 0.584300
0.584610 2.483630 1.978318 0.896100 0.512400
0.549840 2.518309 1.888680 0.896100 0.584300
-0.291330 2.135115 2.903436 0.793600 0.189900
-0.286904 2.170362 2.911834 0.808800 0.189900
-0.288530 2.233776 2.697691 0.808800 0.280500
-0.292793 2.198176 2.686459 0.793600 0.280500
-0.249346 2.207506 2.923320 0.824100 0.189900
-0.249957 2.271548 2.711399 0.824100 0.280500
-0.266076 2.169759 2.679112 0.778300 0.280500
-0.265502 2.108347 2.893827 0.778300 0.189900
-0.211711 2.153532 2.677063 0.763000 0.280500
-0.212821 2.093181 2.890044 0.763000 0.189900
-0.251143 2.063952 3.071393 0.778300 0.099400
-0.274327 2.085528 3.088611 0.793600 0.099400
-0.215394 2.036284 3.207243 0.778300 0.008800
-0.234436 2.053814 3.233683 0.793600 0.008800
-0.203447 2.052704 3.059947 0.763000 0.099400
-0.187193 2.035757 3.163726 0.763000 0.008800
-0.269389 2.119960 3.087685 0.808800 0.099400
-0.234810 2.155958 3.090044 0.824100 0.099400
-0.230440 2.088533 3.222495 0.808800 0.008800
-0.211956 2.123973 3.189495 0.824100 0.008800
0.363987 2.132144 3.327501 0.954900 0.273700
0.366203 2.171214 3.311381 0.940500 0.276000
0.264917 2.153320 3.357274 0.936900 0.239800
0.263093 2.111898 3.375581 0.951700 0.237800
0.153389 2.134044 3.382397 0.935200 0.200600
0.153848 2.091935 3.401690 0.950200 0.199200
0.376364 2.220717 3.241583 0.926200 0.278200
0.272754 2.206161 3.281011 0.922200 0.241800
0.157052 2.188132 3.303002 0.920200 0.202000
0.267097 2.087390 3.337573 0.966400 0.235900
0.367124 2.108435 3.292590 0.969300 0.271500
0.276750 2.085289 3.244892 0.981100 0.233900
0.378052 2.105635 3.207136 0.983600 0.269300
0.158042 2.067360 3.362536 0.965100 0.197800
0.165584 2.065876 3.266592 0.980100 0.196400
0.453626 2.133615 3.227257 0.973200 0.305500
0.453946 2.155328 3.255916 0.959300 0.307800
0.528271 2.163231 3.136650 0.977700 0.338700
0.533454 2.184602 3.157561 0.964200 0.340900
0.462232 2.130100 3.155055 0.987200 0.303300
0.516928 2.154118 3.103798 0.991200 0.336600
0.453174 2.189337 3.243946 0.945300 0.310100
0.461404 2.232214 3.185637 0.931400 0.312300
0.527859 2.214099 3.151885 0.950800 0.343100
0.516231 2.240065 3.129539 0.937300 0.345300
-0.041367 2.103430 2.912490 0.668900 0.206200
-0.035049 2.167082 2.689791 0.668800 0.298900
0.077203 2.185669 2.697970 0.629800 0.298900
0.068867 2.121657 2.921566 0.630500 0.206300
0.198706 2.204671 2.702960 0.590100 0.300400
0.187731 2.141695 2.923048 0.591800 0.209200
0.060175 2.072096 3.117082 0.631400 0.113700
-0.046567 2.055187 3.104455 0.669200 0.113500
0.051810 2.044210 3.270503 0.632500 0.021100
-0.052808 2.028268 3.253583 0.669400 0.020800
0.176085 2.093042 3.115511 0.594200 0.118000
0.165584 2.065876 3.266592 0.596900 0.026800
-0.134848 2.049253 3.078188 0.707200 0.116000
-0.136686 2.092740 2.899124 0.707200 0.207800
-0.203447 2.052704 3.059947 0.745400 0.119800
-0.212821 2.093181 2.890044 0.745400 0.210400
-0.136504 2.026029 3.212792 0.707200 0.024100
-0.187193 2.035757 3.163726 0.745400 0.029300
-0.133027 2.154505 2.681723 0.707200 0.299700
-0.211711 2.153532 2.677063 0.745400 0.301000
0.423809 2.173049 2.897594 0.513500 0.224800
0.445065 2.230577 2.696558 0.507800 0.308200
0.551257 2.244360 2.691324 0.465800 0.313700
0.523668 2.190417 2.879177 0.474100 0.235800
0.633681 2.263283 2.688840 0.423600 0.319600
0.600173 2.211842 2.866324 0.434600 0.247700
0.489787 2.150682 3.036391 0.485700 0.157900
0.399209 2.129287 3.071629 0.521500 0.141500
0.462232 2.130100 3.155055 0.498900 0.080000
0.378052 2.105635 3.207136 0.530600 0.058100
0.556621 2.173905 3.011713 0.450000 0.175700
0.516928 2.154118 3.103798 0.467700 0.103800
0.291869 2.111090 3.099181 0.557600 0.127700
0.308938 2.157817 2.913638 0.552800 0.215700
0.276750 2.085289 3.244892 0.563100 0.039800
0.324438 2.218494 2.701463 0.549300 0.303600
-0.070898 2.051528 3.385839 0.953500 0.111800
-0.074756 2.092460 3.366580 0.938500 0.110900
-0.164514 2.082039 3.313516 0.942300 0.062400
-0.164307 2.044374 3.330352 0.957300 0.064900
-0.230440 2.088533 3.222495 0.946700 0.013000
-0.234436 2.053814 3.233683 0.961500 0.017100
-0.075852 2.145365 3.288055 0.923500 0.109900
-0.162394 2.130505 3.243404 0.927300 0.059900
-0.211956 2.123973 3.189495 0.931900 0.008800
-0.150647 2.025053 3.296812 0.972200 0.067400
-0.062250 2.028590 3.347775 0.968600 0.112800
-0.136504 2.026029 3.212792 0.987200 0.069900
-0.052808 2.028268 3.253583 0.983600 0.113700
-0.215394 2.036284 3.207243 0.976400 0.021300
-0.187193 2.035757 3.163726 0.991200 0.025500
0.044453 2.045226 3.367810 0.966100 0.156500
0.038836 2.069597 3.407363 0.951000 0.156900
0.051810 2.044210 3.270503 0.981100 0.156100
0.035688 2.111776 3.387519 0.935900 0.157300
0.035740 2.166220 3.306635 0.920900 0.157700
0.421432 2.335152 2.946115 0.125500 0.558300
0.397061 2.275727 3.115461 0.133500 0.641600
0.488733 2.280531 3.075280 0.097400 0.625200
0.522503 2.334070 2.922200 0.085800 0.547300
0.555806 2.274278 3.041774 0.061900 0.607400
0.599273 2.322808 2.899558 0.046400 0.535400
0.376364 2.220717 3.241583 0.142600 0.725000
0.461404 2.232214 3.185637 0.110700 0.703100
0.516231 2.240065 3.129539 0.079600 0.679300
0.550055 2.392615 2.735726 0.077500 0.469400
0.442611 2.397902 2.746641 0.119800 0.474900
0.632752 2.377780 2.723132 0.035300 0.463500
0.318625 2.394307 2.754000 0.162300 0.479500
0.303306 2.328135 2.964533 0.165700 0.567400
0.186297 2.382497 2.755921 0.205100 0.482700
0.175709 2.313963 2.974355 0.206800 0.573900
0.286783 2.264926 3.145150 0.170600 0.655400
0.272754 2.206161 3.281011 0.176100 0.743300
0.165227 2.248640 3.161852 0.209200 0.665100
0.157052 2.188132 3.303002 0.212000 0.756300
-0.074492 2.268433 2.961047 0.292000 0.576900
-0.076215 2.204220 3.148319 0.292300 0.669600
0.039723 2.227381 3.163069 0.250000 0.669400
0.046224 2.293580 2.972480 0.249000 0.576800
-0.075852 2.145365 3.288055 0.292600 0.762300
0.035740 2.166220 3.306635 0.251100 0.762000
0.053829 2.363138 2.750527 0.248300 0.484200
-0.069332 2.337407 2.739912 0.291900 0.484200
-0.173742 2.306485 2.726171 0.335600 0.483400
-0.175779 2.239969 2.942192 0.335600 0.575300
-0.249957 2.271548 2.711399 0.379500 0.482100
-0.249346 2.207506 2.923320 0.379500 0.572700
-0.169072 2.182229 3.117116 0.335600 0.667100
-0.162394 2.130505 3.243404 0.335600 0.759000
-0.234810 2.155958 3.090044 0.379500 0.663300
-0.211956 2.123973 3.189495 0.379500 0.753900
0.659336 2.269450 2.875169 0.868900 0.152700
0.644492 2.299287 2.884956 0.855300 0.152700
0.592288 2.251913 3.032113 0.855300 0.080700
0.602992 2.223119 3.029175 0.868900 0.080700
0.527859 2.214099 3.151885 0.855300 0.008800
0.533454 2.184602 3.157561 0.868900 0.008800
0.599273 2.322808 2.899558 0.841700 0.152700
0.555806 2.274278 3.041774 0.841700 0.080700
0.516231 2.240065 3.129539 0.841700 0.008800
0.592729 2.197583 3.015841 0.882500 0.080700
0.644979 2.239244 2.866973 0.882500 0.152700
0.556621 2.173905 3.011713 0.896100 0.080700
0.600173 2.211842 2.866324 0.896100 0.152700
0.528271 2.163231 3.136650 0.882500 0.008800
0.516928 2.154118 3.103798 0.896100 0.008800
0.683004 2.290784 2.692186 0.882500 0.224600
0.699265 2.322166 2.699955 0.868900 0.224600
0.633681 2.263283 2.688840 0.896100 0.224600
0.682501 2.352731 2.710739 0.855300 0.224600
0.632752 2.377780 2.723132 0.841700 0.224600
Indices:
0 1 2
0 2 3
3 2 4
3 4 5
1 6 7
1 7 2
2 7 8
2 8 4
0 3 9
0 9 10
10 9 11
10 11 12
3 5 13
3 13 9
9 13 14
9 14 11
0 10 15
0 15 16
16 15 17
16 17 18
10 12 19
10 19 15
15 19 20
15 20 17
0 16 21
0 21 1
1 21 22
1 22 6
16 18 23
16 23 21
21 23 24
21 24 22
25 26 27
25 27 28
28 27 29
28 29 30
26 31 32
26 32 27
27 32 33
27 33 29
25 28 34
25 34 35
35 34 36
35 36 37
28 30 38
28 38 34
34 38 39
34 39 36
25 35 40
25 40 41
41 40 42
41 42 43
35 37 44
35 44 40
40 44 45
40 45 42
25 41 46
25 46 26
26 46 47
26 47 31
41 43 48
41 48 46
46 48 49
46 49 47
50 51 52
50 52 53
53 52 54
53 54 55
51 56 57
51 57 52
52 57 58
52 58 54
50 53 59
50 59 60
60 59 61
60 61 62
53 55 63
53 63 59
59 63 64
59 64 61
50 60 65
50 65 66
66 65 67
66 67 68
60 62 69
60 69 65
65 69 70
65 70 67
50 66 71
50 71 51
51 71 72
51 72 56
66 68 73
66 73 71
71 73 74
71 74 72
75 76 77
75 77 78
78 77 79
78 79 80
76 81 82
76 82 77
77 82 83
77 83 79
75 78 84
75 84 85
85 84 57
85 57 56
78 80 86
78 86 84
84 86 58
84 58 57
75 85 87
75 87 88
88 87 89
88 89 90
85 56 72
85 72 87
87 72 74
87 74 89
75 88 91
75 91 76
76 91 92
76 92 81
88 90 93
88 93 91
91 93 94
91 94 92
95 96 97
95 97 98
98 97 99
98 99 100
96 101 102
96 102 97
97 102 103
97 103 99
95 98 104
95 104 105
105 104 32
105 32 31
98 100 106
98 106 104
104 106 33
104 33 32
95 105 107
95 107 108
108 107 109
108 109 110
105 31 47
105 47 107
107 47 49
107 49 109
95 108 111
95 111 96
96 111 112
96 112 101
108 110 113
108 113 111
111 113 114
111 114 112
115 116 117
115 117 118
118 117 119
118 119 120
116 121 122
116 122 117
117 122 123
117 123 119
115 118 124
115 124 125
125 124 126
125 126 127
118 120 128
118 128 124
124 128 129
124 129 126
115 125 130
115 130 131
131 130 132
131 132 133
125 127 134
125 134 130
130 134 135
130 135 132
115 131 136
115 136 116
116 136 137
116 137 121
131 133 138
131 138 136
136 138 139
136 139 137
140 141 142
140 142 143
143 142 144
143 144 145
141 127 126
141 126 142
142 126 129
142 129 144
140 143 146
140 146 147
147 146 148
147 148 149
143 145 150
143 150 146
146 150 151
146 151 148
140 147 152
140 152 153
153 152 154
153 154 155
147 149 156
147 156 152
152 156 157
152 157 154
140 153 158
140 158 141
141 158 134
141 134 127
153 155 159
153 159 158
158 159 135
158 135 134
160 161 162
160 162 163
163 162 164
163 164 165
161 166 167
161 167 162
162 167 168
162 168 164
160 163 169
160 169 170
170 169 171
170 171 172
163 165 173
163 173 169
169 173 174
169 174 171
160 170 175
160 175 176
176 175 177
176 177 178
170 172 179
170 179 175
175 179 180
175 180 177
160 176 181
160 181 161
161 181 182
161 182 166
176 178 183
176 183 181
181 183 184
181 184 182
185 186 187
185 187 188
188 187 7
188 7 6
186 189 190
186 190 187
187 190 8
187 8 7
185 188 191
185 191 192
192 191 193
192 193 194
188 6 22
188 22 191
191 22 24
191 24 193
185 192 195
185 195 196
196 195 197
196 197 198
192 194 199
192 199 195
195 199 200
195 200 197
185 196 201
185 201 186
186 201 202
186 202 189
196 198 203
196 203 201
201 203 204
201 204 202
205 206 207
205 207 208
208 207 209
208 209 210
206 211 212
206 212 207
207 212 213
207 213 209
205 208 214
205 214 215
215 214 216
215 216 217
208 210 218
208 218 214
214 218 219
214 219 216
205 215 220
205 220 221
221 220 222
221 222 223
215 217 224
215 224 220
220 224 225
220 225 222
205 221 226
205 226 206
206 226 227
206 227 211
221 223 228
221 228 226
226 228 229
226 229 227
230 231 232
230 232 233
233 232 234
233 234 235
231 55 54
231 54 232
232 54 58
232 58 234
230 233 236
230 236 237
237 236 238
237 238 239
233 235 240
233 240 236
236 240 241
236 241 238
230 237 242
230 242 243
243 242 244
243 244 245
237 239 246
237 246 242
242 246 247
242 247 244
230 243 248
230 248 231
231 248 63
231 63 55
243 245 249
243 249 248
248 249 64
248 64 63
250 251 252
250 252 253
253 252 254
253 254 255
251 80 79
251 79 252
252 79 83
252 83 254
250 253 256
250 256 257
257 256 258
257 258 259
253 255 260
253 260 256
256 260 261
256 261 258
250 257 262
250 262 263
263 262 240
263 240 235
257 259 264
257 264 262
262 264 241
262 241 240
250 263 265
250 265 251
251 265 86
251 86 80
263 235 234
263 234 265
265 234 58
265 58 86
266 267 268
266 268 269
269 268 270
269 270 271
267 272 273
267 273 268
268 273 274
268 274 270
266 269 275
266 275 276
276 275 277
276 277 278
269 271 279
269 279 275
275 279 280
275 280 277
266 276 281
266 281 282
282 281 218
282 218 210
276 278 283
276 283 281
281 283 219
281 219 218
266 282 284
266 284 267
267 284 285
267 285 272
282 210 209
282 209 284
284 209 213
284 213 285
286 287 288
286 288 289
289 288 290
289 290 291
287 292 293
287 293 288
288 293 294
288 294 290
286 289 295
286 295 296
296 295 138
296 138 133
289 291 297
289 297 295
295 297 139
295 139 138
286 296 298
286 298 299
299 298 300
299 300 301
296 133 132
296 132 298
298 132 135
298 135 300
286 299 302
286 302 287
287 302 303
287 303 292
299 301 304
299 304 302
302 304 305
302 305 303
306 307 308
306 308 309
309 308 304
309 304 301
307 310 311
307 311 308
308 311 305
308 305 304
306 309 312
306 312 313
313 312 159
313 159 155
309 301 300
309 300 312
312 300 135
312 135 159
306 313 314
306 314 315
315 314 316
315 316 317
313 155 154
313 154 314
314 154 157
314 157 316
306 315 318
306 318 307
307 318 319
307 319 310
315 317 320
315 320 318
318 320 321
318 321 319
322 323 324
322 324 325
325 324 326
325 326 327
323 328 329
323 329 324
324 329 330
324 330 326
322 325 331
322 331 332
332 331 333
332 333 334
325 327 335
325 335 331
331 335 336
331 336 333
322 332 337
322 337 338
338 337 179
338 179 172
332 334 339
332 339 337
337 339 180
337 180 179
322 338 340
322 340 323
323 340 341
323 341 328
338 172 171
338 171 340
340 171 174
340 174 341
