Material: Fire
BaseColor: Blaze.png
Normal: None
Roughness: None
Metallic: None
Alpha: 0.000000
Emissive: None
Vertices:
2.071693 3.735607 -5.622852 0.410700 0.049200
2.129001 3.735607 -5.450927 0.448300 0.097200
2.050036 3.861343 -5.371962 0.449300 0.123100
1.966406 3.861343 -5.622852 0.375200 0.072200
2.050036 3.861343 -5.873742 0.321200 0.006300
2.129001 3.735607 -5.794777 0.373100 0.001200
2.192878 3.691514 -5.730900 0.412000 0.000100
2.172435 3.676082 -5.622852 0.435300 0.029900
2.192878 3.691514 -5.514804 0.458700 0.059700
2.300926 3.735607 -5.852086 0.756000 0.115200
2.129001 3.735607 -5.794777 0.819300 0.090500
2.050036 3.861343 -5.873742 0.864800 0.129900
2.300926 3.861343 -5.957372 0.775400 0.160500
2.551816 3.861343 -5.873742 0.675900 0.165200
2.472852 3.735607 -5.794777 0.692700 0.139900
2.408975 3.691514 -5.730900 0.704000 0.098000
2.300926 3.676082 -5.751343 0.743400 0.082700
2.192878 3.691514 -5.730900 0.782700 0.067400
2.530160 3.735607 -5.622852 0.597600 0.172300
2.472852 3.735607 -5.794777 0.648000 0.157300
2.635446 3.861343 -5.622852 0.607200 0.207500
2.551816 3.861343 -5.371962 0.543500 0.207200
2.472852 3.735607 -5.450927 0.550500 0.175900
2.408975 3.691514 -5.514804 0.554600 0.155200
2.429418 3.676082 -5.622852 0.581500 0.146700
2.408975 3.691514 -5.730900 0.617300 0.130900
2.300926 3.735607 -5.393618 0.510100 0.156700
2.300926 3.861343 -5.288332 0.487500 0.182400
2.129001 3.735607 -5.450927 0.473000 0.126000
2.192878 3.691514 -5.514804 0.507000 0.113300
2.300926 3.676082 -5.494360 0.533000 0.138900
2.300926 3.656241 -5.622852 0.561200 0.119900
2.172435 3.676082 -5.622852 0.538700 0.092600
2.192878 3.691514 -5.730900 0.569400 0.067800
2.300926 3.676082 -5.751343 0.592000 0.100400
2.300926 5.698986 -5.622852 0.456300 0.607900
2.300926 5.645568 -5.532266 0.441500 0.582000
2.401685 5.604021 -5.522093 0.463800 0.568900
2.391512 5.645568 -5.622852 0.478700 0.590100
2.401685 5.604021 -5.723610 0.497200 0.604400
2.300926 5.645568 -5.713438 0.463900 0.617100
2.200168 5.604021 -5.723610 0.453800 0.624800
2.210340 5.645568 -5.622852 0.446100 0.614800
2.200168 5.604021 -5.522093 0.418400 0.587600
2.300926 5.485313 -5.350611 0.412600 0.522900
2.505107 5.485313 -5.418672 0.472000 0.528300
2.096746 5.485313 -5.418672 0.350500 0.526000
1.956038 5.209187 -5.277963 0.257700 0.478800
2.300926 5.209187 -5.163000 0.392400 0.444800
2.645815 5.209187 -5.277963 0.486100 0.458500
2.300926 4.808155 -5.054544 0.403700 0.361700
2.727157 4.808155 -5.196621 0.500900 0.384800
1.874696 4.808155 -5.196621 0.301000 0.324700
1.866053 4.394329 -5.187979 0.344700 0.235500
2.300926 4.394329 -5.043021 0.431300 0.284800
2.735800 4.394329 -5.187979 0.515900 0.314400
2.300926 4.079822 -5.146208 0.460200 0.225000
2.658409 4.079822 -5.265369 0.531000 0.254300
1.943444 4.079822 -5.265369 0.390800 0.174600
2.573167 5.485313 -5.622852 0.525800 0.550700
2.505107 5.485313 -5.827032 0.576900 0.581600
2.760778 5.209187 -5.622852 0.572800 0.491500
2.645815 5.209187 -5.967741 0.670000 0.582700
2.869234 4.808155 -5.622852 0.594900 0.414500
2.727157 4.808155 -6.049083 0.700900 0.436000
2.880757 4.394329 -5.622852 0.603000 0.333700
2.735800 4.394329 -6.057725 0.705000 0.338400
2.777570 4.079822 -5.622852 0.608000 0.263000
2.658409 4.079822 -5.980335 0.698100 0.254300
2.300926 5.485313 -5.895092 0.820400 0.641600
2.096746 5.485313 -5.827032 0.897100 0.641600
2.200168 5.604021 -5.723610 0.833100 0.729500
2.300926 5.645568 -5.713438 0.820400 0.729500
2.401685 5.604021 -5.723610 0.807800 0.729500
2.505107 5.485313 -5.827032 0.743800 0.641600
2.300926 5.209187 -6.082704 0.823800 0.545900
1.956038 5.209187 -5.967741 0.950000 0.542700
2.300926 4.808155 -6.191160 0.833900 0.434600
1.874696 4.808155 -6.049083 0.980500 0.421800
2.300926 4.394329 -6.202683 0.834200 0.324300
1.866053 4.394329 -6.057725 0.977100 0.300800
2.300926 4.079822 -6.099495 0.808100 0.231600
1.943444 4.079822 -5.980335 0.927900 0.201700
2.028686 5.485313 -5.622852 0.083400 0.452500
2.096746 5.485313 -5.418672 0.155000 0.494400
2.200168 5.604021 -5.522093 0.047300 0.541400
2.210340 5.645568 -5.622852 0.035400 0.534500
2.200168 5.604021 -5.723610 0.023600 0.527500
2.096746 5.485313 -5.827032 0.011800 0.410600
1.956038 5.209187 -5.967741 0.022000 0.290800
1.841075 5.209187 -5.622852 0.134100 0.361700
1.732619 4.808155 -5.622852 0.190400 0.253500
1.874696 4.808155 -6.049083 0.076000 0.165200
1.866053 4.394329 -6.057725 0.155700 0.064500
1.721095 4.394329 -5.622852 0.251800 0.157300
1.824283 4.079822 -5.622852 0.317800 0.102500
1.943444 4.079822 -5.980335 0.243100 0.019500
Indices:
0 1 2
0 2 3
0 3 4
0 4 5
0 5 6
0 6 7
0 7 8
0 8 1
9 10 11
9 11 12
9 12 13
9 13 14
9 14 15
9 15 16
9 16 17
9 17 10
18 19 13
18 13 20
18 20 21
18 21 22
18 22 23
18 23 24
18 24 25
18 25 19
26 22 21
26 21 27
26 27 2
26 2 28
26 28 29
26 29 30
26 30 23
26 23 22
31 30 29
31 29 32
31 32 33
31 33 34
31 34 25
31 25 24
31 24 23
31 23 30
35 36 37
35 37 38
35 38 39
35 39 40
35 40 41
35 41 42
35 42 43
35 43 36
44 45 37
44 37 36
44 36 43
44 43 46
44 46 47
44 47 48
44 48 49
44 49 45
50 51 49
50 49 48
50 48 47
50 47 52
50 52 53
50 53 54
50 54 55
50 55 51
56 57 55
56 55 54
56 54 53
56 53 58
56 58 2
56 2 27
56 27 21
56 21 57
59 60 39
59 39 38
59 38 37
59 37 45
59 45 49
59 49 61
59 61 62
59 62 60
63 64 62
63 62 61
63 61 49
63 49 51
63 51 55
63 55 65
63 65 66
63 66 64
67 68 66
67 66 65
67 65 55
67 55 57
67 57 21
67 21 20
67 20 13
67 13 68
69 70 71
69 71 72
69 72 73
69 73 74
69 74 62
69 62 75
69 75 76
69 76 70
77 78 76
77 76 75
77 75 62
77 62 64
77 64 66
77 66 79
77 79 80
77 80 78
81 82 80
81 80 79
81 79 66
81 66 68
81 68 13
81 13 12
81 12 11
81 11 82
83 84 85
83 85 86
83 86 87
83 87 88
83 88 89
83 89 90
83 90 47
83 47 84
91 52 47
91 47 90
91 90 89
91 89 92
91 92 93
91 93 94
91 94 53
91 53 52
95 58 53
95 53 94
95 94 93
95 93 96
95 96 4
95 4 3
95 3 2
95 2 58
