Material: Stage
BaseColor: FloorTexture.png
Normal: None
Roughness: None
Metallic: None
Alpha: 1.000000
Emissive: None
Vertices:
-5.977781 -0.450568 -2.520737 0.499200 0.412200
-6.346409 -0.450803 -1.288617 0.457100 0.412200
-6.447145 -0.385619 -1.280330 0.457100 0.384200
-6.068814 -0.385619 -2.513785 0.499200 0.384200
-6.447145 -0.289150 -1.280330 0.457100 0.344100
-6.068814 -0.289150 -2.513785 0.499200 0.344100
-6.476920 -0.450803 -0.000000 0.414200 0.412200
-6.579728 -0.385619 -0.000000 0.414200 0.384200
-6.579729 -0.289150 -0.000000 0.414200 0.344100
-5.464150 -0.385619 -3.653490 0.539800 0.384200
-5.393942 -0.449862 -3.639865 0.539800 0.412200
-4.652570 -0.385619 -4.652571 0.577900 0.384200
-4.609699 -0.449391 -4.609700 0.577900 0.412200
-5.464150 -0.289150 -3.653491 0.539800 0.344100
-4.652570 -0.289150 -4.652571 0.577900 0.344100
-5.183315 -0.488136 -3.598988 0.539800 0.432300
-5.704681 -0.490961 -2.541592 0.499200 0.432300
-4.721394 -0.509256 -3.646314 0.539800 0.448300
-5.148316 -0.514401 -2.615571 0.499200 0.448300
-4.481088 -0.486253 -4.481088 0.577900 0.432300
-4.301731 -0.502306 -4.301732 0.577900 0.448300
-6.044199 -0.491903 -1.313476 0.457100 0.432300
-6.168496 -0.491903 -0.000000 0.414200 0.432300
-5.439779 -0.516116 -1.363194 0.457100 0.448300
-5.551645 -0.516116 -0.000000 0.414200 0.448300
2.520737 -0.450568 -5.977781 0.622100 0.484500
1.288617 -0.450803 -6.346409 0.664200 0.484500
1.280330 -0.385619 -6.447145 0.664200 0.512500
2.513785 -0.385619 -6.068814 0.622100 0.512500
1.280330 -0.289150 -6.447145 0.664200 0.552600
2.513785 -0.289150 -6.068814 0.622100 0.552600
0.000000 -0.450803 -6.476920 0.707100 0.484500
0.000000 -0.385619 -6.579728 0.707100 0.512500
0.000000 -0.289150 -6.579729 0.707100 0.552600
3.653490 -0.385619 -5.464150 0.581600 0.512500
3.639865 -0.449862 -5.393942 0.581600 0.484500
4.652571 -0.385619 -4.652570 0.543400 0.512500
4.609700 -0.449391 -4.609699 0.543400 0.484500
3.653491 -0.289150 -5.464150 0.581600 0.552600
4.652571 -0.289150 -4.652570 0.543400 0.552600
3.598988 -0.488136 -5.183315 0.581600 0.464400
2.541592 -0.490961 -5.704681 0.622100 0.464400
3.646314 -0.509256 -4.721394 0.581600 0.448300
2.615571 -0.514401 -5.148316 0.622100 0.448300
4.481088 -0.486253 -4.481088 0.543400 0.464400
4.301732 -0.502306 -4.301731 0.543400 0.448300
1.313476 -0.491903 -6.044199 0.664200 0.464400
0.000000 -0.491903 -6.168496 0.707100 0.464400
1.363194 -0.516116 -5.439779 0.664200 0.448300
0.000000 -0.516116 -5.551645 0.707100 0.448300
5.977781 -0.450568 2.520737 0.915000 0.036100
6.346409 -0.450803 1.288617 0.957100 0.036100
6.447145 -0.385619 1.280330 0.957100 0.064200
6.068814 -0.385619 2.513785 0.915000 0.064200
6.447145 -0.289150 1.280330 0.957100 0.104200
6.068814 -0.289150 2.513785 0.915000 0.104200
6.476920 -0.450803 0.000000 1.000000 0.036100
6.579728 -0.385619 0.000000 1.000000 0.064200
6.579729 -0.289150 0.000000 1.000000 0.104200
5.464150 -0.385619 3.653490 0.874500 0.064200
5.393942 -0.449862 3.639865 0.874500 0.036100
4.652570 -0.385619 4.652571 0.836300 0.064200
4.609699 -0.449391 4.609700 0.836300 0.036100
5.464150 -0.289150 3.653491 0.874500 0.104200
4.652570 -0.289150 4.652571 0.836300 0.104200
5.183315 -0.488136 3.598988 0.874500 0.016100
5.704681 -0.490961 2.541592 0.915000 0.016100
4.721394 -0.509256 3.646314 0.874500 0.000000
5.148316 -0.514401 2.615571 0.915000 0.000000
4.481088 -0.486253 4.481088 0.836300 0.016100
4.301731 -0.502306 4.301732 0.836300 0.000000
6.044199 -0.491903 1.313476 0.957100 0.016100
6.168496 -0.491903 0.000000 1.000000 0.016100
5.439779 -0.516116 1.363194 0.957100 0.000000
5.551645 -0.516116 0.000000 1.000000 0.000000
-2.520737 -0.450568 5.977781 0.915000 0.484500
-1.288617 -0.450803 6.346409 0.957100 0.484500
-1.280330 -0.385619 6.447145 0.957100 0.512500
-2.513785 -0.385619 6.068814 0.915000 0.512500
-1.280330 -0.289150 6.447145 0.957100 0.552600
-2.513785 -0.289150 6.068814 0.915000 0.552600
-0.000000 -0.450803 6.476920 1.000000 0.484500
-0.000000 -0.385619 6.579728 1.000000 0.512500
-0.000000 -0.289150 6.579729 1.000000 0.552600
-3.653490 -0.385619 5.464150 0.874500 0.512500
-3.639865 -0.449862 5.393942 0.874500 0.484500
-4.652571 -0.385619 4.652570 0.836300 0.512500
-4.609700 -0.449391 4.609699 0.836300 0.484500
-3.653491 -0.289150 5.464150 0.874500 0.552600
-4.652571 -0.289150 4.652570 0.836300 0.552600
-3.598988 -0.488136 5.183315 0.874500 0.464400
-2.541592 -0.490961 5.704681 0.915000 0.464400
-3.646314 -0.509256 4.721394 0.874500 0.448300
-2.615571 -0.514401 5.148316 0.915000 0.448300
-4.481088 -0.486253 4.481088 0.836300 0.464400
-4.301732 -0.502306 4.301731 0.836300 0.448300
-1.313476 -0.491903 6.044199 0.957100 0.464400
-0.000000 -0.491903 6.168496 1.000000 0.464400
-1.363194 -0.516116 5.439779 0.957100 0.448300
-0.000000 -0.516116 5.551645 1.000000 0.448300
2.973382 -0.535555 -2.973382 0.083400 0.811800
3.122837 -0.537909 -1.537209 0.096800 0.756700
1.611787 -0.540330 -1.611786 0.141900 0.782600
1.537209 -0.537909 -3.122836 0.125200 0.839400
0.000000 -0.540330 -1.644932 0.187600 0.806800
0.000000 -0.537909 -3.187056 0.168100 0.863600
3.187056 -0.537909 0.000000 0.113000 0.703000
1.644932 -0.540330 0.000000 0.160100 0.726500
0.000000 -0.540330 -0.000000 0.207100 0.750000
1.446059 -0.530645 -4.432413 0.109400 0.896700
2.781898 -0.528493 -4.207484 0.072000 0.867900
1.363194 -0.516116 -5.439779 0.094100 0.954200
2.615571 -0.514401 -5.148316 0.061400 0.924500
0.000000 -0.530645 -4.523563 0.148700 0.920300
0.000000 -0.516116 -5.551645 0.129200 0.977100
3.897299 -0.522035 -3.897298 0.035700 0.835700
4.207484 -0.528493 -2.781897 0.042500 0.782000
4.721394 -0.509256 -3.646314 0.000000 0.801800
5.148317 -0.514401 -2.615571 0.001900 0.750900
3.646314 -0.509256 -4.721394 0.030300 0.890200
4.301732 -0.502306 -4.301731 0.000000 0.853600
4.432413 -0.530645 -1.446058 0.052100 0.729600
4.523563 -0.530645 0.000000 0.066000 0.679400
5.439779 -0.516116 -1.363194 0.007600 0.702000
5.551645 -0.516116 0.000000 0.019000 0.655900
-2.973382 0.535555 -2.973382 0.258300 0.399300
-3.122836 0.537909 -1.537209 0.212600 0.383100
-1.611786 0.540330 -1.611787 0.234100 0.328700
-1.537208 0.537909 -3.122836 0.281200 0.348900
0.000000 0.540330 -1.644932 0.254100 0.273500
0.000000 0.537909 -3.187056 0.301200 0.297000
-3.187056 0.537909 -0.000000 0.168100 0.363600
-1.644932 0.540330 -0.000000 0.187600 0.306800
0.000000 0.540330 0.000000 0.207100 0.250000
-1.446058 0.530645 -4.432413 0.328600 0.367900
-2.781897 0.528493 -4.207484 0.304800 0.413100
-1.363194 0.516116 -5.439779 0.376300 0.386400
-2.615571 0.514401 -5.148317 0.351700 0.425800
0.000000 0.530645 -4.523563 0.348200 0.320600
0.000001 0.516116 -5.551645 0.395300 0.344100
-3.897298 0.522035 -3.897299 0.278100 0.456900
-4.207484 0.528493 -2.781898 0.233600 0.448700
-4.721394 0.509256 -3.646315 0.250000 0.500000
-5.148316 0.514401 -2.615572 0.207900 0.497700
-3.646314 0.509256 -4.721394 0.323200 0.463400
-4.301731 0.502306 -4.301732 0.292900 0.500000
-4.432413 0.530645 -1.446059 0.190200 0.437100
-4.523563 0.530645 -0.000000 0.148700 0.420300
-5.439779 0.516116 -1.363195 0.167400 0.490800
-5.551645 0.516116 -0.000001 0.129200 0.477100
-2.520737 0.450568 5.977781 0.915000 0.860500
-1.288617 0.450803 6.346409 0.957100 0.860500
-1.313476 0.491903 6.044199 0.957100 0.880600
-2.541592 0.490961 5.704681 0.915000 0.880600
-1.363195 0.516116 5.439779 0.957100 0.896700
-2.615572 0.514401 5.148315 0.915000 0.896700
-0.000001 0.450803 6.476920 1.000000 0.860500
-0.000001 0.491903 6.168496 1.000000 0.880600
-0.000000 0.516116 5.551645 1.000000 0.896700
-3.598989 0.488136 5.183315 0.874500 0.880600
-3.639865 0.449862 5.393942 0.874500 0.860500
-4.481089 0.486253 4.481088 0.836300 0.880600
-4.609700 0.449391 4.609699 0.836300 0.860500
-3.646315 0.509256 4.721394 0.874500 0.896700
-4.301732 0.502306 4.301731 0.836300 0.896700
-3.653491 0.385619 5.464150 0.874500 0.832500
-2.513786 0.385619 6.068814 0.915000 0.832500
-3.653491 0.289150 5.464150 0.874500 0.792500
-2.513786 0.289150 6.068814 0.915000 0.792500
-4.652571 0.385619 4.652570 0.836300 0.832500
-4.652571 0.289150 4.652570 0.836300 0.792500
-1.280331 0.385619 6.447145 0.957100 0.832500
-0.000001 0.385619 6.579728 1.000000 0.832500
-1.280331 0.289150 6.447145 0.957100 0.792500
-0.000001 0.289150 6.579729 1.000000 0.792500
-2.513786 0.000000 6.068814 0.915000 0.672500
-1.280330 0.000000 6.447145 0.957100 0.672500
-1.280331 0.154196 6.447145 0.957100 0.736500
-2.513786 0.154196 6.068814 0.915000 0.736500
-0.000000 0.000000 6.579728 1.000000 0.672500
-0.000000 0.154196 6.579728 1.000000 0.736500
-3.653491 0.154196 5.464150 0.874500 0.736500
-3.653491 0.000000 5.464150 0.874500 0.672500
-4.652571 0.154196 4.652570 0.836300 0.736500
-4.652571 0.000000 4.652570 0.836300 0.672500
-3.653491 -0.154196 5.464150 0.874500 0.608500
-2.513786 -0.154196 6.068814 0.915000 0.608500
-4.652571 -0.154196 4.652570 0.836300 0.608500
-1.280330 -0.154196 6.447145 0.957100 0.608500
-0.000000 -0.154196 6.579728 1.000000 0.608500
5.977781 0.450568 2.520737 0.915000 0.412200
6.346409 0.450803 1.288617 0.957100 0.412200
6.044199 0.491903 1.313476 0.957100 0.432300
5.704681 0.490961 2.541592 0.915000 0.432300
5.439779 0.516116 1.363195 0.957100 0.448300
5.148316 0.514401 2.615572 0.915000 0.448300
6.476920 0.450803 0.000001 1.000000 0.412200
6.168496 0.491903 0.000001 1.000000 0.432300
5.551645 0.516116 0.000001 1.000000 0.448300
5.183316 0.488136 3.598989 0.874500 0.432300
5.393942 0.449862 3.639865 0.874500 0.412200
4.481088 0.486253 4.481089 0.836300 0.432300
4.609699 0.449391 4.609700 0.836300 0.412200
4.721394 0.509256 3.646315 0.874500 0.448300
4.301731 0.502306 4.301732 0.836300 0.448300
5.464150 0.385619 3.653491 0.874500 0.384200
6.068814 0.385619 2.513786 0.915000 0.384200
5.464150 0.289150 3.653491 0.874500 0.344100
6.068814 0.289150 2.513786 0.915000 0.344100
4.652570 0.385619 4.652571 0.836300 0.384200
4.652570 0.289150 4.652571 0.836300 0.344100
6.447145 0.385619 1.280331 0.957100 0.384200
6.579728 0.385619 0.000001 1.000000 0.384200
6.447145 0.289150 1.280331 0.957100 0.344100
6.579729 0.289150 0.000001 1.000000 0.344100
6.068814 0.000000 2.513786 0.915000 0.224200
6.447145 0.000000 1.280330 0.957100 0.224200
6.447145 0.154196 1.280331 0.957100 0.288100
6.068814 0.154196 2.513786 0.915000 0.288100
6.579728 0.000000 0.000000 1.000000 0.224200
6.579728 0.154196 0.000000 1.000000 0.288100
5.464150 0.154196 3.653491 0.874500 0.288100
5.464150 0.000000 3.653491 0.874500 0.224200
4.652570 0.154196 4.652571 0.836300 0.288100
4.652570 0.000000 4.652571 0.836300 0.224200
5.464150 -0.154196 3.653491 0.874500 0.160200
6.068814 -0.154196 2.513786 0.915000 0.160200
4.652570 -0.154196 4.652571 0.836300 0.160200
6.447145 -0.154196 1.280330 0.957100 0.160200
6.579728 -0.154196 0.000000 1.000000 0.160200
2.520737 0.450568 -5.977781 0.622100 0.860500
1.288617 0.450803 -6.346409 0.664200 0.860500
1.313476 0.491903 -6.044199 0.664200 0.880600
2.541592 0.490961 -5.704681 0.622100 0.880600
1.363195 0.516116 -5.439779 0.664200 0.896700
2.615572 0.514401 -5.148315 0.622100 0.896700
0.000001 0.450803 -6.476920 0.707100 0.860500
0.000001 0.491903 -6.168496 0.707100 0.880600
0.000001 0.516116 -5.551645 0.707100 0.896700
3.598989 0.488136 -5.183315 0.581600 0.880600
3.639865 0.449862 -5.393942 0.581600 0.860500
4.481089 0.486253 -4.481088 0.543400 0.880600
4.609700 0.449391 -4.609699 0.543400 0.860500
3.646315 0.509256 -4.721394 0.581600 0.896700
4.301732 0.502306 -4.301731 0.543400 0.896700
3.653491 0.385619 -5.464150 0.581600 0.832500
2.513786 0.385619 -6.068814 0.622100 0.832500
3.653491 0.289150 -5.464150 0.581600 0.792500
2.513786 0.289150 -6.068814 0.622100 0.792500
4.652571 0.385619 -4.652570 0.543400 0.832500
4.652571 0.289150 -4.652570 0.543400 0.792500
1.280331 0.385619 -6.447145 0.664200 0.832500
0.000001 0.385619 -6.579728 0.707100 0.832500
1.280331 0.289150 -6.447145 0.664200 0.792500
0.000001 0.289150 -6.579729 0.707100 0.792500
2.513786 0.000000 -6.068814 0.622100 0.672500
1.280330 0.000000 -6.447145 0.664200 0.672500
1.280331 0.154196 -6.447145 0.664200 0.736500
2.513786 0.154196 -6.068814 0.622100 0.736500
0.000000 0.000000 -6.579728 0.707100 0.672500
0.000000 0.154196 -6.579728 0.707100 0.736500
3.653491 0.154196 -5.464150 0.581600 0.736500
3.653491 0.000000 -5.464150 0.581600 0.672500
4.652571 0.154196 -4.652570 0.543400 0.736500
4.652571 0.000000 -4.652570 0.543400 0.672500
3.653491 -0.154196 -5.464150 0.581600 0.608500
2.513786 -0.154196 -6.068814 0.622100 0.608500
4.652571 -0.154196 -4.652570 0.543400 0.608500
1.280330 -0.154196 -6.447145 0.664200 0.608500
0.000000 -0.154196 -6.579728 0.707100 0.608500
-5.977781 0.450568 -2.520737 0.499200 0.036100
-6.346409 0.450803 -1.288617 0.457100 0.036100
-6.044199 0.491903 -1.313476 0.457100 0.016100
-5.704682 0.490961 -2.541592 0.499200 0.016100
-5.439779 0.516116 -1.363195 0.457100 0.000000
-5.148316 0.514401 -2.615572 0.499200 0.000000
-6.476920 0.450803 -0.000001 0.414200 0.036100
-6.168496 0.491903 -0.000001 0.414200 0.016100
-5.551645 0.516116 -0.000001 0.414200 0.000000
-5.183316 0.488136 -3.598989 0.539800 0.016100
-5.393942 0.449862 -3.639865 0.539800 0.036100
-4.481088 0.486253 -4.481089 0.577900 0.016100
-4.609699 0.449391 -4.609700 0.577900 0.036100
-4.721394 0.509256 -3.646315 0.539800 0.000000
-4.301731 0.502306 -4.301732 0.577900 0.000000
-5.464150 0.385619 -3.653491 0.539800 0.064200
-6.068814 0.385619 -2.513786 0.499200 0.064200
-5.464150 0.289150 -3.653491 0.539800 0.104200
-6.068814 0.289150 -2.513786 0.499200 0.104200
-4.652570 0.385619 -4.652571 0.577900 0.064200
-4.652570 0.289150 -4.652571 0.577900 0.104200
-6.447145 0.385619 -1.280331 0.457100 0.064200
-6.579728 0.385619 -0.000001 0.414200 0.064200
-6.447145 0.289150 -1.280331 0.457100 0.104200
-6.579729 0.289150 -0.000001 0.414200 0.104200
-6.068814 0.000000 -2.513786 0.499200 0.224200
-6.447145 0.000000 -1.280330 0.457100 0.224200
-6.447145 0.154196 -1.280331 0.457100 0.160200
-6.068814 0.154196 -2.513786 0.499200 0.160200
-6.579728 0.000000 -0.000000 0.414200 0.224200
-6.579728 0.154196 -0.000000 0.414200 0.160200
-5.464150 0.154196 -3.653491 0.539800 0.160200
-5.464150 0.000000 -3.653491 0.539800 0.224200
-4.652570 0.154196 -4.652571 0.577900 0.160200
-4.652570 0.000000 -4.652571 0.577900 0.224200
-5.464150 -0.154196 -3.653491 0.539800 0.288100
-6.068814 -0.154196 -2.513786 0.499200 0.288100
-4.652570 -0.154196 -4.652571 0.577900 0.288100
-6.447145 -0.154196 -1.280330 0.457100 0.288100
-6.579728 -0.154196 -0.000000 0.414200 0.288100
-2.513785 0.000000 -6.068815 0.645700 0.224200
-3.653490 0.000000 -5.464150 0.613000 0.224200
-3.653490 0.154196 -5.464150 0.613000 0.160200
-2.513785 0.154196 -6.068815 0.645700 0.160200
-3.653490 0.289150 -5.464150 0.613000 0.104200
-2.513784 0.289150 -6.068815 0.645700 0.104200
-1.280330 0.154196 -6.447146 0.676800 0.160200
-1.280330 0.000000 -6.447146 0.676800 0.224200
0.000000 0.154196 -6.579728 0.707100 0.160200
0.000000 0.000000 -6.579728 0.707100 0.224200
-1.280329 0.289150 -6.447146 0.676800 0.104200
0.000001 0.289150 -6.579729 0.707100 0.104200
-1.280330 -0.154196 -6.447146 0.676800 0.288100
-2.513785 -0.154196 -6.068815 0.645700 0.288100
-1.280330 -0.289150 -6.447146 0.676800 0.344100
-2.513785 -0.289150 -6.068815 0.645700 0.344100
0.000000 -0.154196 -6.579728 0.707100 0.288100
0.000000 -0.289150 -6.579729 0.707100 0.344100
-3.653490 -0.154196 -5.464151 0.613000 0.288100
-3.653490 -0.289150 -5.464151 0.613000 0.344100
-2.520736 0.450568 -5.977782 0.645700 0.036100
-3.639864 0.449862 -5.393942 0.613000 0.036100
-3.598987 0.488136 -5.183316 0.613000 0.016100
-2.541591 0.490961 -5.704682 0.645700 0.016100
-3.646314 0.509256 -4.721394 0.613000 0.000000
-2.615571 0.514401 -5.148317 0.645700 0.000000
-1.313475 0.491903 -6.044199 0.676800 0.016100
-1.288616 0.450803 -6.346410 0.676800 0.036100
0.000001 0.491903 -6.168496 0.707100 0.016100
0.000001 0.450803 -6.476920 0.707100 0.036100
-1.363194 0.516116 -5.439779 0.676800 0.000000
0.000001 0.516116 -5.551645 0.707100 0.000000
-1.280329 0.385619 -6.447146 0.676800 0.064200
-2.513784 0.385619 -6.068815 0.645700 0.064200
0.000001 0.385619 -6.579728 0.707100 0.064200
-3.653490 0.385619 -5.464151 0.613000 0.064200
2.513785 0.000000 6.068815 0.768600 0.224200
3.653490 0.000000 5.464150 0.801200 0.224200
3.653490 0.154196 5.464150 0.801200 0.288100
2.513785 0.154196 6.068815 0.768600 0.288100
3.653490 0.289150 5.464150 0.801200 0.344100
2.513784 0.289150 6.068815 0.768600 0.344100
1.280330 0.154196 6.447146 0.737400 0.288100
1.280330 0.000000 6.447146 0.737400 0.224200
-0.000000 0.154196 6.579728 0.707100 0.288100
-0.000000 0.000000 6.579728 0.707100 0.224200
1.280329 0.289150 6.447146 0.737400 0.344100
-0.000001 0.289150 6.579729 0.707100 0.344100
1.280330 -0.154196 6.447146 0.737400 0.160200
2.513785 -0.154196 6.068815 0.768600 0.160200
1.280330 -0.289150 6.447146 0.737400 0.104200
2.513785 -0.289150 6.068815 0.768600 0.104200
-0.000000 -0.154196 6.579728 0.707100 0.160200
-0.000000 -0.289150 6.579729 0.707100 0.104200
3.653490 -0.154196 5.464151 0.801200 0.160200
3.653490 -0.289150 5.464151 0.801200 0.104200
2.520736 0.450568 5.977782 0.768600 0.412200
3.639864 0.449862 5.393942 0.801200 0.412200
3.598987 0.488136 5.183316 0.801200 0.432300
2.541591 0.490961 5.704682 0.768600 0.432300
3.646314 0.509256 4.721395 0.801200 0.448300
2.615571 0.514401 5.148317 0.768600 0.448300
1.313475 0.491903 6.044199 0.737400 0.432300
1.288616 0.450803 6.346410 0.737400 0.412200
-0.000001 0.491903 6.168496 0.707100 0.432300
-0.000001 0.450803 6.476920 0.707100 0.412200
1.363194 0.516116 5.439779 0.737400 0.448300
-0.000000 0.516116 5.551645 0.707100 0.448300
1.280329 0.385619 6.447146 0.737400 0.384200
2.513784 0.385619 6.068815 0.768600 0.384200
-0.000001 0.385619 6.579728 0.707100 0.384200
3.653490 0.385619 5.464151 0.801200 0.384200
2.973382 0.535555 -2.973382 0.330800 0.188200
3.122837 0.537909 -1.537208 0.289000 0.160600
4.432413 0.530645 -1.446058 0.304800 0.103300
4.207484 0.528493 -2.781897 0.342200 0.132100
5.439779 0.516116 -1.363194 0.320100 0.045800
5.148317 0.514401 -2.615571 0.352800 0.075500
3.187056 0.537909 0.000000 0.246100 0.136400
4.523563 0.530645 0.000000 0.265600 0.079700
5.551645 0.516116 0.000001 0.285000 0.022900
3.897299 0.522035 -3.897298 0.378500 0.164300
2.781898 0.528493 -4.207483 0.371700 0.218000
3.646315 0.509256 -4.721394 0.414200 0.198200
2.615572 0.514401 -5.148315 0.412300 0.249100
4.721394 0.509256 -3.646314 0.383900 0.109800
4.301732 0.502306 -4.301731 0.414200 0.146400
1.446059 0.530645 -4.432413 0.362100 0.270400
1.537209 0.537909 -3.122836 0.317400 0.243300
1.363195 0.516116 -5.439779 0.406600 0.298000
1.611787 0.540330 -1.611786 0.272300 0.217400
1.644932 0.540330 0.000000 0.226600 0.193200
-2.973382 -0.535555 -2.973382 0.258300 0.899300
-3.122836 -0.537909 -1.537209 0.281200 0.848900
-4.432413 -0.530645 -1.446059 0.328600 0.867900
-4.207484 -0.528493 -2.781898 0.304800 0.913100
-5.439779 -0.516116 -1.363194 0.376300 0.886400
-5.148316 -0.514401 -2.615571 0.351700 0.925800
-3.187056 -0.537909 -0.000000 0.301200 0.797000
-4.523563 -0.530645 -0.000000 0.348200 0.820600
-5.551645 -0.516116 -0.000000 0.395300 0.844100
-3.897298 -0.522035 -3.897299 0.278100 0.956900
-2.781897 -0.528493 -4.207484 0.233600 0.948700
-3.646314 -0.509256 -4.721394 0.250000 1.000000
-2.615571 -0.514401 -5.148317 0.207900 0.997700
-4.721394 -0.509256 -3.646314 0.323200 0.963400
-4.301731 -0.502306 -4.301732 0.292900 1.000000
-1.446058 -0.530645 -4.432413 0.190200 0.937100
-1.537209 -0.537909 -3.122837 0.212600 0.883100
-1.363194 -0.516116 -5.439779 0.167400 0.990800
-1.611786 -0.540330 -1.611787 0.234100 0.828700
-1.644932 -0.540330 -0.000000 0.254100 0.773500
2.520737 -0.450568 5.977781 0.768600 0.036100
3.639864 -0.449862 5.393942 0.801200 0.036100
3.653490 -0.385619 5.464150 0.801200 0.064200
2.513785 -0.385619 6.068815 0.768600 0.064200
1.280330 -0.385619 6.447146 0.737400 0.064200
1.288616 -0.450803 6.346410 0.737400 0.036100
-0.000000 -0.385619 6.579728 0.707100 0.064200
-0.000000 -0.450803 6.476920 0.707100 0.036100
1.313475 -0.491903 6.044199 0.737400 0.016100
2.541592 -0.490961 5.704682 0.768600 0.016100
1.363194 -0.516116 5.439779 0.737400 0.000000
2.615571 -0.514401 5.148317 0.768600 0.000000
-0.000000 -0.491903 6.168496 0.707100 0.016100
-0.000000 -0.516116 5.551645 0.707100 0.000000
3.598988 -0.488136 5.183316 0.801200 0.016100
3.646314 -0.509256 4.721394 0.801200 0.000000
-2.520737 -0.450568 -5.977781 0.645700 0.412200
-3.639864 -0.449862 -5.393942 0.613000 0.412200
-3.653490 -0.385619 -5.464150 0.613000 0.384200
-2.513785 -0.385619 -6.068815 0.645700 0.384200
-1.280330 -0.385619 -6.447146 0.676800 0.384200
-1.288616 -0.450803 -6.346410 0.676800 0.412200
0.000000 -0.385619 -6.579728 0.707100 0.384200
0.000000 -0.450803 -6.476920 0.707100 0.412200
-1.313475 -0.491903 -6.044199 0.676800 0.432300
-2.541592 -0.490961 -5.704682 0.645700 0.432300
-1.363194 -0.516116 -5.439779 0.676800 0.448300
-2.615571 -0.514401 -5.148317 0.645700 0.448300
0.000000 -0.491903 -6.168496 0.707100 0.432300
-3.598988 -0.488136 -5.183316 0.613000 0.432300
-3.646314 -0.509256 -4.721394 0.613000 0.448300
-2.973382 -0.535555 2.973382 0.330800 0.688200
-2.781898 -0.528493 4.207484 0.342200 0.632100
-3.897299 -0.522035 3.897298 0.378500 0.664300
-4.207484 -0.528493 2.781897 0.371700 0.718000
-4.721394 -0.509256 3.646314 0.414200 0.698200
-5.148317 -0.514401 2.615571 0.412300 0.749100
-2.615571 -0.514401 5.148316 0.352800 0.575500
-3.646314 -0.509256 4.721394 0.383900 0.609800
-4.301732 -0.502306 4.301731 0.414200 0.646400
-4.432413 -0.530645 1.446058 0.362100 0.770400
-3.122837 -0.537909 1.537209 0.317400 0.743300
-5.439779 -0.516116 1.363194 0.406600 0.798000
-1.611787 -0.540330 1.611786 0.272300 0.717400
-1.537209 -0.537909 3.122836 0.289000 0.660600
-0.000000 -0.540330 1.644932 0.226600 0.693200
-0.000000 -0.537909 3.187056 0.246100 0.636400
-1.446059 -0.530645 4.432413 0.304800 0.603300
-1.363194 -0.516116 5.439779 0.320100 0.545800
-0.000000 -0.530645 4.523563 0.265600 0.579700
-0.000000 -0.516116 5.551645 0.285000 0.522900
2.973382 0.535555 2.973382 0.155900 0.100700
2.781897 0.528493 4.207484 0.109400 0.086900
3.897298 0.522035 3.897299 0.136100 0.043100
4.207484 0.528493 2.781898 0.180600 0.051300
4.721394 0.509256 3.646315 0.164200 0.000000
5.148316 0.514401 2.615572 0.206300 0.002300
2.615571 0.514401 5.148317 0.062600 0.074200
3.646314 0.509256 4.721395 0.091000 0.036600
4.301731 0.502306 4.301732 0.121300 0.000000
4.432413 0.530645 1.446059 0.224000 0.062900
3.122836 0.537909 1.537209 0.201600 0.116900
5.439779 0.516116 1.363195 0.246900 0.009200
1.611786 0.540330 1.611787 0.180100 0.171300
1.537209 0.537909 3.122836 0.133000 0.151100
-0.000000 0.540330 1.644932 0.160100 0.226500
-0.000000 0.537909 3.187056 0.113000 0.203000
1.446058 0.530645 4.432413 0.085600 0.132100
1.363194 0.516116 5.439779 0.037900 0.113600
-0.000000 0.530645 4.523563 0.066000 0.179400
-0.000000 0.516116 5.551645 0.019000 0.155900
-6.068815 0.000000 2.513785 0.768600 0.672500
-5.464150 0.000000 3.653490 0.801200 0.672500
-5.464150 0.154196 3.653490 0.801200 0.736500
-6.068815 0.154196 2.513785 0.768600 0.736500
-5.464150 0.289150 3.653490 0.801200 0.792500
-6.068815 0.289150 2.513784 0.768600 0.792500
-6.447146 0.154196 1.280330 0.737400 0.736500
-6.447146 0.000000 1.280330 0.737400 0.672500
-6.579728 0.154196 -0.000000 0.707100 0.736500
-6.579728 0.000000 -0.000000 0.707100 0.672500
-6.447146 0.289150 1.280329 0.737400 0.792500
-6.579729 0.289150 -0.000001 0.707100 0.792500
-6.447146 -0.154196 1.280330 0.737400 0.608500
-6.068815 -0.154196 2.513785 0.768600 0.608500
-6.447146 -0.289150 1.280330 0.737400 0.552600
-6.068815 -0.289150 2.513785 0.768600 0.552600
-6.579728 -0.154196 -0.000000 0.707100 0.608500
-6.579729 -0.289150 -0.000000 0.707100 0.552600
-5.464151 -0.154196 3.653490 0.801200 0.608500
-5.464151 -0.289150 3.653490 0.801200 0.552600
-5.977782 0.450568 2.520736 0.768600 0.860500
-5.393942 0.449862 3.639864 0.801200 0.860500
-5.183316 0.488136 3.598987 0.801200 0.880600
-5.704682 0.490961 2.541591 0.768600 0.880600
-4.721395 0.509256 3.646314 0.801200 0.896700
-5.148317 0.514401 2.615571 0.768600 0.896700
-6.044199 0.491903 1.313475 0.737400 0.880600
-6.346410 0.450803 1.288616 0.737400 0.860500
-6.168496 0.491903 -0.000001 0.707100 0.880600
-6.476920 0.450803 -0.000001 0.707100 0.860500
-5.439779 0.516116 1.363194 0.737400 0.896700
-5.551645 0.516116 -0.000001 0.707100 0.896700
-6.447146 0.385619 1.280329 0.737400 0.832500
-6.068815 0.385619 2.513784 0.768600 0.832500
-6.579728 0.385619 -0.000001 0.707100 0.832500
-5.464151 0.385619 3.653490 0.801200 0.832500
6.068815 0.000000 -2.513785 0.475700 0.672500
5.464150 0.000000 -3.653490 0.508300 0.672500
5.464150 0.154196 -3.653490 0.508300 0.736500
6.068815 0.154196 -2.513785 0.475700 0.736500
5.464150 0.289150 -3.653490 0.508300 0.792500
6.068815 0.289150 -2.513784 0.475700 0.792500
6.447146 0.154196 -1.280330 0.444500 0.736500
6.447146 0.000000 -1.280330 0.444500 0.672500
6.579728 0.154196 0.000000 0.414200 0.736500
6.579728 0.000000 0.000000 0.414200 0.672500
6.447146 0.289150 -1.280329 0.444500 0.792500
6.579729 0.289150 0.000001 0.414200 0.792500
6.447146 -0.154196 -1.280330 0.444500 0.608500
6.068815 -0.154196 -2.513785 0.475700 0.608500
6.447146 -0.289150 -1.280330 0.444500 0.552600
6.068815 -0.289150 -2.513785 0.475700 0.552600
6.579728 -0.154196 0.000000 0.414200 0.608500
6.579729 -0.289150 0.000000 0.414200 0.552600
5.464151 -0.154196 -3.653490 0.508300 0.608500
5.464151 -0.289150 -3.653490 0.508300 0.552600
5.977782 0.450568 -2.520736 0.475700 0.860500
5.393942 0.449862 -3.639864 0.508300 0.860500
5.183316 0.488136 -3.598987 0.508300 0.880600
5.704682 0.490961 -2.541591 0.475700 0.880600
4.721394 0.509256 -3.646314 0.508300 0.896700
5.148317 0.514401 -2.615571 0.475700 0.896700
6.044199 0.491903 -1.313475 0.444500 0.880600
6.346410 0.450803 -1.288616 0.444500 0.860500
6.168496 0.491903 0.000001 0.414200 0.880600
6.476920 0.450803 0.000001 0.414200 0.860500
5.439779 0.516116 -1.363194 0.444500 0.896700
5.551645 0.516116 0.000001 0.414200 0.896700
6.447146 0.385619 -1.280329 0.444500 0.832500
6.068815 0.385619 -2.513784 0.475700 0.832500
6.579728 0.385619 0.000001 0.414200 0.832500
5.464151 0.385619 -3.653490 0.508300 0.832500
-2.973382 0.535555 2.973381 0.083400 0.311800
-2.781898 0.528493 4.207483 0.042500 0.282000
-1.446059 0.530645 4.432413 0.052100 0.229600
-1.537209 0.537909 3.122836 0.096800 0.256700
-2.615572 0.514401 5.148315 0.001900 0.250900
-1.363195 0.516116 5.439779 0.007600 0.202000
-1.611786 0.540330 1.611786 0.141900 0.282600
-3.122836 0.537909 1.537208 0.125200 0.339400
-4.432413 0.530645 1.446058 0.109400 0.396700
-4.207484 0.528493 2.781897 0.072000 0.367900
-5.439779 0.516116 1.363194 0.094100 0.454200
-5.148317 0.514401 2.615571 0.061400 0.424500
-3.897299 0.522035 3.897298 0.035700 0.335700
-3.646315 0.509256 4.721394 0.000000 0.301800
-4.721395 0.509256 3.646314 0.030300 0.390200
-4.301732 0.502306 4.301731 0.000000 0.353600
2.973382 -0.535555 2.973382 0.155900 0.600700
2.781897 -0.528493 4.207484 0.180600 0.551300
1.446058 -0.530645 4.432413 0.224000 0.562900
1.537209 -0.537909 3.122837 0.201600 0.616900
2.615571 -0.514401 5.148317 0.206300 0.502300
1.363194 -0.516116 5.439779 0.246900 0.509200
1.611786 -0.540330 1.611787 0.180100 0.671300
3.122836 -0.537909 1.537209 0.133000 0.651100
4.432413 -0.530645 1.446059 0.085600 0.632100
4.207484 -0.528493 2.781898 0.109400 0.586900
5.439779 -0.516116 1.363194 0.037900 0.613600
5.148316 -0.514401 2.615571 0.062600 0.574200
3.897298 -0.522035 3.897299 0.136100 0.543100
3.646314 -0.509256 4.721394 0.164200 0.500000
4.721394 -0.509256 3.646314 0.091000 0.536600
4.301731 -0.502306 4.301732 0.121300 0.500000
5.977781 -0.450568 -2.520737 0.475700 0.484500
5.393942 -0.449862 -3.639864 0.508300 0.484500
5.464150 -0.385619 -3.653490 0.508300 0.512500
6.068815 -0.385619 -2.513785 0.475700 0.512500
6.447146 -0.385619 -1.280330 0.444500 0.512500
6.346410 -0.450803 -1.288616 0.444500 0.484500
6.579728 -0.385619 0.000000 0.414200 0.512500
6.476920 -0.450803 0.000000 0.414200 0.484500
6.044199 -0.491903 -1.313475 0.444500 0.464400
5.704682 -0.490961 -2.541592 0.475700 0.464400
5.439779 -0.516116 -1.363194 0.444500 0.448300
5.148317 -0.514401 -2.615571 0.475700 0.448300
6.168496 -0.491903 0.000000 0.414200 0.464400
5.551645 -0.516116 0.000000 0.414200 0.448300
5.183316 -0.488136 -3.598988 0.508300 0.464400
4.721394 -0.509256 -3.646314 0.508300 0.448300
-5.977781 -0.450568 2.520737 0.768600 0.484500
-5.393942 -0.449862 3.639864 0.801200 0.484500
-5.464150 -0.385619 3.653490 0.801200 0.512500
-6.068815 -0.385619 2.513785 0.768600 0.512500
-6.447146 -0.385619 1.280330 0.737400 0.512500
-6.346410 -0.450803 1.288616 0.737400 0.484500
-6.579728 -0.385619 -0.000000 0.707100 0.512500
-6.476920 -0.450803 -0.000000 0.707100 0.484500
-6.044199 -0.491903 1.313475 0.737400 0.464400
-5.704682 -0.490961 2.541592 0.768600 0.464400
-5.439779 -0.516116 1.363194 0.737400 0.448300
-5.148317 -0.514401 2.615571 0.768600 0.448300
-6.168496 -0.491903 -0.000000 0.707100 0.464400
-5.551645 -0.516116 -0.000000 0.707100 0.448300
-5.183316 -0.488136 3.598988 0.801200 0.464400
-4.721394 -0.509256 3.646314 0.801200 0.448300
Indices:
0 1 2
0 2 3
3 2 4
3 4 5
1 6 7
1 7 2
2 7 8
2 8 4
0 3 9
0 9 10
10 9 11
10 11 12
3 5 13
3 13 9
9 13 14
9 14 11
0 10 15
0 15 16
16 15 17
16 17 18
10 12 19
10 19 15
15 19 20
15 20 17
0 16 21
0 21 1
1 21 22
1 22 6
16 18 23
16 23 21
21 23 24
21 24 22
25 26 27
25 27 28
28 27 29
28 29 30
26 31 32
26 32 27
27 32 33
27 33 29
25 28 34
25 34 35
35 34 36
35 36 37
28 30 38
28 38 34
34 38 39
34 39 36
25 35 40
25 40 41
41 40 42
41 42 43
35 37 44
35 44 40
40 44 45
40 45 42
25 41 46
25 46 26
26 46 47
26 47 31
41 43 48
41 48 46
46 48 49
46 49 47
50 51 52
50 52 53
53 52 54
53 54 55
51 56 57
51 57 52
52 57 58
52 58 54
50 53 59
50 59 60
60 59 61
60 61 62
53 55 63
53 63 59
59 63 64
59 64 61
50 60 65
50 65 66
66 65 67
66 67 68
60 62 69
60 69 65
65 69 70
65 70 67
50 66 71
50 71 51
51 71 72
51 72 56
66 68 73
66 73 71
71 73 74
71 74 72
75 76 77
75 77 78
78 77 79
78 79 80
76 81 82
76 82 77
77 82 83
77 83 79
75 78 84
75 84 85
85 84 86
85 86 87
78 80 88
78 88 84
84 88 89
84 89 86
75 85 90
75 90 91
91 90 92
91 92 93
85 87 94
85 94 90
90 94 95
90 95 92
75 91 96
75 96 76
76 96 97
76 97 81
91 93 98
91 98 96
96 98 99
96 99 97
100 101 102
100 102 103
103 102 104
103 104 105
101 106 107
101 107 102
102 107 108
102 108 104
100 103 109
100 109 110
110 109 111
110 111 112
103 105 113
103 113 109
109 113 114
109 114 111
100 110 115
100 115 116
116 115 117
116 117 118
110 112 119
110 119 115
115 119 120
115 120 117
100 116 121
100 121 101
101 121 122
101 122 106
116 118 123
116 123 121
121 123 124
121 124 122
125 126 127
125 127 128
128 127 129
128 129 130
126 131 132
126 132 127
127 132 133
127 133 129
125 128 134
125 134 135
135 134 136
135 136 137
128 130 138
128 138 134
134 138 139
134 139 136
125 135 140
125 140 141
141 140 142
141 142 143
135 137 144
135 144 140
140 144 145
140 145 142
125 141 146
125 146 126
126 146 147
126 147 131
141 143 148
141 148 146
146 148 149
146 149 147
150 151 152
150 152 153
153 152 154
153 154 155
151 156 157
151 157 152
152 157 158
152 158 154
150 153 159
150 159 160
160 159 161
160 161 162
153 155 163
153 163 159
159 163 164
159 164 161
150 160 165
150 165 166
166 165 167
166 167 168
160 162 169
160 169 165
165 169 170
165 170 167
150 166 171
150 171 151
151 171 172
151 172 156
166 168 173
166 173 171
171 173 174
171 174 172
175 176 177
175 177 178
178 177 173
178 173 168
176 179 180
176 180 177
177 180 174
177 174 173
175 178 181
175 181 182
182 181 183
182 183 184
178 168 167
178 167 181
181 167 170
181 170 183
175 182 185
175 185 186
186 185 88
186 88 80
182 184 187
182 187 185
185 187 89
185 89 88
175 186 188
175 188 176
176 188 189
176 189 179
186 80 79
186 79 188
188 79 83
188 83 189
190 191 192
190 192 193
193 192 194
193 194 195
191 196 197
191 197 192
192 197 198
192 198 194
190 193 199
190 199 200
200 199 201
200 201 202
193 195 203
193 203 199
199 203 204
199 204 201
190 200 205
190 205 206
206 205 207
206 207 208
200 202 209
200 209 205
205 209 210
205 210 207
190 206 211
190 211 191
191 211 212
191 212 196
206 208 213
206 213 211
211 213 214
211 214 212
215 216 217
215 217 218
218 217 213
218 213 208
216 219 220
216 220 217
217 220 214
217 214 213
215 218 221
215 221 222
222 221 223
222 223 224
218 208 207
218 207 221
221 207 210
221 210 223
215 222 225
215 225 226
226 225 63
226 63 55
222 224 227
222 227 225
225 227 64
225 64 63
215 226 228
215 228 216
216 228 229
216 229 219
226 55 54
226 54 228
228 54 58
228 58 229
230 231 232
230 232 233
233 232 234
233 234 235
231 236 237
231 237 232
232 237 238
232 238 234
230 233 239
230 239 240
240 239 241
240 241 242
233 235 243
233 243 239
239 243 244
239 244 241
230 240 245
230 245 246
246 245 247
246 247 248
240 242 249
240 249 245
245 249 250
245 250 247
230 246 251
230 251 231
231 251 252
231 252 236
246 248 253
246 253 251
251 253 254
251 254 252
255 256 257
255 257 258
258 257 253
258 253 248
256 259 260
256 260 257
257 260 254
257 254 253
255 258 261
255 261 262
262 261 263
262 263 264
258 248 247
258 247 261
261 247 250
261 250 263
255 262 265
255 265 266
266 265 38
266 38 30
262 264 267
262 267 265
265 267 39
265 39 38
255 266 268
255 268 256
256 268 269
256 269 259
266 30 29
266 29 268
268 29 33
268 33 269
270 271 272
270 272 273
273 272 274
273 274 275
271 276 277
271 277 272
272 277 278
272 278 274
270 273 279
270 279 280
280 279 281
280 281 282
273 275 283
273 283 279
279 283 284
279 284 281
270 280 285
270 285 286
286 285 287
286 287 288
280 282 289
280 289 285
285 289 290
285 290 287
270 286 291
270 291 271
271 291 292
271 292 276
286 288 293
286 293 291
291 293 294
291 294 292
295 296 297
295 297 298
298 297 293
298 293 288
296 299 300
296 300 297
297 300 294
297 294 293
295 298 301
295 301 302
302 301 303
302 303 304
298 288 287
298 287 301
301 287 290
301 290 303
295 302 305
295 305 306
306 305 13
306 13 5
302 304 307
302 307 305
305 307 14
305 14 13
295 306 308
295 308 296
296 308 309
296 309 299
306 5 4
306 4 308
308 4 8
308 8 309
310 311 312
310 312 313
313 312 314
313 314 315
311 304 303
311 303 312
312 303 290
312 290 314
310 313 316
310 316 317
317 316 318
317 318 319
313 315 320
313 320 316
316 320 321
316 321 318
310 317 322
310 322 323
323 322 324
323 324 325
317 319 326
317 326 322
322 326 327
322 327 324
310 323 328
310 328 311
311 328 307
311 307 304
323 325 329
323 329 328
328 329 14
328 14 307
330 331 332
330 332 333
333 332 334
333 334 335
331 282 281
331 281 332
332 281 284
332 284 334
330 333 336
330 336 337
337 336 338
337 338 339
333 335 340
333 340 336
336 340 341
336 341 338
330 337 342
330 342 343
343 342 320
343 320 315
337 339 344
337 344 342
342 344 321
342 321 320
330 343 345
330 345 331
331 345 289
331 289 282
343 315 314
343 314 345
345 314 290
345 290 289
346 347 348
346 348 349
349 348 350
349 350 351
347 224 223
347 223 348
348 223 210
348 210 350
346 349 352
346 352 353
353 352 354
353 354 355
349 351 356
349 356 352
352 356 357
352 357 354
346 353 358
346 358 359
359 358 360
359 360 361
353 355 362
353 362 358
358 362 363
358 363 360
346 359 364
346 364 347
347 364 227
347 227 224
359 361 365
359 365 364
364 365 64
364 64 227
366 367 368
366 368 369
369 368 370
369 370 371
367 202 201
367 201 368
368 201 204
368 204 370
366 369 372
366 372 373
373 372 374
373 374 375
369 371 376
369 376 372
372 376 377
372 377 374
366 373 378
366 378 379
379 378 356
379 356 351
373 375 380
373 380 378
378 380 357
378 357 356
366 379 381
366 381 367
367 381 209
367 209 202
379 351 350
379 350 381
381 350 210
381 210 209
382 383 384
382 384 385
385 384 386
385 386 387
383 388 389
383 389 384
384 389 390
384 390 386
382 385 391
382 391 392
392 391 393
392 393 394
385 387 395
385 395 391
391 395 396
391 396 393
382 392 397
382 397 398
398 397 138
398 138 130
392 394 399
392 399 397
397 399 139
397 139 138
382 398 400
382 400 383
383 400 401
383 401 388
398 130 129
398 129 400
400 129 133
400 133 401
402 403 404
402 404 405
405 404 406
405 406 407
403 408 409
403 409 404
404 409 410
404 410 406
402 405 411
402 411 412
412 411 413
412 413 414
405 407 415
405 415 411
411 415 416
411 416 413
402 412 417
402 417 418
418 417 113
418 113 105
412 414 419
412 419 417
417 419 114
417 114 113
402 418 420
402 420 403
403 420 421
403 421 408
418 105 104
418 104 420
420 104 108
420 108 421
422 423 424
422 424 425
425 424 365
425 365 361
423 62 61
423 61 424
424 61 64
424 64 365
422 425 426
422 426 427
427 426 428
427 428 429
425 361 360
425 360 426
426 360 363
426 363 428
422 427 430
422 430 431
431 430 432
431 432 433
427 429 434
427 434 430
430 434 435
430 435 432
422 431 436
422 436 423
423 436 69
423 69 62
431 433 437
431 437 436
436 437 70
436 70 69
438 439 440
438 440 441
441 440 329
441 329 325
439 12 11
439 11 440
440 11 14
440 14 329
438 441 442
438 442 443
443 442 444
443 444 445
441 325 324
441 324 442
442 324 327
442 327 444
438 443 446
438 446 447
447 446 448
447 448 449
443 445 450
443 450 446
446 450 49
446 49 448
438 447 451
438 451 439
439 451 19
439 19 12
447 449 452
447 452 451
451 452 20
451 20 19
453 454 455
453 455 456
456 455 457
456 457 458
454 459 460
454 460 455
455 460 461
455 461 457
453 456 462
453 462 463
463 462 409
463 409 408
456 458 464
456 464 462
462 464 410
462 410 409
453 463 465
453 465 466
466 465 467
466 467 468
463 408 421
463 421 465
465 421 108
465 108 467
453 466 469
453 469 454
454 469 470
454 470 459
466 468 471
466 471 469
469 471 472
469 472 470
473 474 475
473 475 476
476 475 477
476 477 478
474 479 480
474 480 475
475 480 481
475 481 477
473 476 482
473 482 483
483 482 389
483 389 388
476 478 484
476 484 482
482 484 390
482 390 389
473 483 485
473 485 486
486 485 487
486 487 488
483 388 401
483 401 485
485 401 133
485 133 487
473 486 489
473 489 474
474 489 490
474 490 479
486 488 491
486 491 489
489 491 492
489 492 490
493 494 495
493 495 496
496 495 497
496 497 498
494 184 183
494 183 495
495 183 170
495 170 497
493 496 499
493 499 500
500 499 501
500 501 502
496 498 503
496 503 499
499 503 504
499 504 501
493 500 505
493 505 506
506 505 507
506 507 508
500 502 509
500 509 505
505 509 510
505 510 507
493 506 511
493 511 494
494 511 187
494 187 184
506 508 512
506 512 511
511 512 89
511 89 187
513 514 515
513 515 516
516 515 517
516 517 518
514 162 161
514 161 515
515 161 164
515 164 517
513 516 519
513 519 520
520 519 521
520 521 522
516 518 523
516 523 519
519 523 524
519 524 521
513 520 525
513 525 526
526 525 503
526 503 498
520 522 527
520 527 525
525 527 504
525 504 503
513 526 528
513 528 514
514 528 169
514 169 162
526 498 497
526 497 528
528 497 170
528 170 169
529 530 531
529 531 532
532 531 533
532 533 534
530 264 263
530 263 531
531 263 250
531 250 533
529 532 535
529 535 536
536 535 537
536 537 538
532 534 539
532 539 535
535 539 540
535 540 537
529 536 541
529 541 542
542 541 543
542 543 544
536 538 545
536 545 541
541 545 546
541 546 543
529 542 547
529 547 530
530 547 267
530 267 264
542 544 548
542 548 547
547 548 39
547 39 267
549 550 551
549 551 552
552 551 553
552 553 554
550 242 241
550 241 551
551 241 244
551 244 553
549 552 555
549 555 556
556 555 557
556 557 558
552 554 559
552 559 555
555 559 560
555 560 557
549 556 561
549 561 562
562 561 539
562 539 534
556 558 563
556 563 561
561 563 540
561 540 539
549 562 564
549 564 550
550 564 249
550 249 242
562 534 533
562 533 564
564 533 250
564 250 249
565 566 567
565 567 568
568 567 491
568 491 488
566 569 570
566 570 567
567 570 492
567 492 491
565 568 571
565 571 572
572 571 132
572 132 131
568 488 487
568 487 571
571 487 133
571 133 132
565 572 573
565 573 574
574 573 575
574 575 576
572 131 147
572 147 573
573 147 149
573 149 575
565 574 577
565 577 566
566 577 578
566 578 569
574 576 579
574 579 577
577 579 580
577 580 578
581 582 583
581 583 584
584 583 471
584 471 468
582 585 586
582 586 583
583 586 472
583 472 471
581 584 587
581 587 588
588 587 107
588 107 106
584 468 467
584 467 587
587 467 108
587 108 107
581 588 589
581 589 590
590 589 591
590 591 592
588 106 122
588 122 589
589 122 124
589 124 591
581 590 593
581 593 582
582 593 594
582 594 585
590 592 595
590 595 593
593 595 596
593 596 594
597 598 599
597 599 600
600 599 548
600 548 544
598 37 36
598 36 599
599 36 39
599 39 548
597 600 601
597 601 602
602 601 603
602 603 604
600 544 543
600 543 601
601 543 546
601 546 603
597 602 605
597 605 606
606 605 607
606 607 608
602 604 609
602 609 605
605 609 610
605 610 607
597 606 611
597 611 598
598 611 44
598 44 37
606 608 612
606 612 611
611 612 45
611 45 44
613 614 615
613 615 616
616 615 512
616 512 508
614 87 86
614 86 615
615 86 89
615 89 512
613 616 617
613 617 618
618 617 619
618 619 620
616 508 507
616 507 617
617 507 510
617 510 619
613 618 621
613 621 622
622 621 623
622 623 624
618 620 625
618 625 621
621 625 626
621 626 623
613 622 627
613 627 614
614 627 94
614 94 87
622 624 628
622 628 627
627 628 95
627 95 94
